3+4
weight_kg <- 55
x2 <- 3
x2*2